Random State = 0: Base-MNB with the default parameters

Base-MNB Emotions Classification Report:
                 precision    recall  f1-score   support

       sadness       0.41      0.09      0.15       795
       neutral       0.37      0.84      0.51     11067
          love       0.63      0.35      0.45      1004
     gratitude       0.74      0.68      0.71      1409
   disapproval       0.24      0.07      0.11      1537
     amusement       0.51      0.27      0.35      1233
disappointment       0.25      0.04      0.07       970
   realization       0.20      0.03      0.05       972
    admiration       0.49      0.45      0.47      2134
     annoyance       0.18      0.06      0.09      1688
     confusion       0.33      0.06      0.10       965
      optimism       0.46      0.14      0.22       914
    excitement       0.28      0.03      0.05       597
        caring       0.24      0.05      0.08       669
       remorse       0.51      0.07      0.12       272
           joy       0.32      0.11      0.16       814
      approval       0.25      0.10      0.14      2226
 embarrassment       0.25      0.01      0.01       303
      surprise       0.33      0.07      0.11       691
     curiosity       0.37      0.11      0.17      1143
         anger       0.35      0.12      0.18      1062
         grief       0.00      0.00      0.00        58
       disgust       0.44      0.09      0.15       585
         pride       0.00      0.00      0.00       157
        desire       0.29      0.02      0.03       439
        relief       0.00      0.00      0.00       156
          fear       0.20      0.02      0.03       317
   nervousness       0.00      0.00      0.00       187

      accuracy                           0.38     34364
     macro avg       0.31      0.14      0.16     34364
  weighted avg       0.36      0.38      0.31     34364


Base-MNB Sentiments Classification Report:
               precision    recall  f1-score   support

    negative       0.55      0.54      0.54      7774
     neutral       0.49      0.49      0.49     11067
    positive       0.62      0.70      0.66     11752
   ambiguous       0.40      0.23      0.30      3771

    accuracy                           0.55     34364
   macro avg       0.51      0.49      0.50     34364
weighted avg       0.54      0.55      0.54     34364


Base-MNB Emotions Confusion Matrix:
 [[  70  618    1    8    8    4   18    2   15   11    1    4    0    3
     9    5   10    0    0    2    3    0    2    0    1    0    0    0]
 [  37 9335   60   86  165  103   59   42  298  152   53   42   17   44
     2   52  262    3   34   89   85    2   24    0    9    0   12    0]
 [   0  545  350    3    2   10    0    2   60    2    0    6    1    1
     1   10    8    0    1    2    0    0    0    0    0    0    0    0]
 [   2  312    5  956    3    5    2    2   77    2    0    7    1    8
     2   16    7    0    0    2    0    0    0    0    0    0    0    0]
 [   3 1250    1   10  114   13    5    6   12   40    9    2    0    3
     0    4   42    1    3    2   11    0    5    0    0    0    1    0]
 [   2  779   10    9    7  332    1    0   34   11    2    3    2    0
     0   11   11    0    8    4    6    0    0    0    1    0    0    0]
 [  13  809    6    2   10    8   41    2   16   16    2    4    0    1
     1    1   23    0    4    0    6    0    5    0    0    0    0    0]
 [   1  832    4    5   10    9    2   26   20   10    3    2    2    0
     0    5   32    0    5    1    3    0    0    0    0    0    0    0]
 [   0  947   40   54    3   15    3    2  962    8    2   11    3    5
     0   16   37    1   10   10    5    0    0    0    0    0    0    0]
 [   9 1346    4    8   31   19    5    5   28   97    4    4    2    3
     0    1   42    0    9    9   51    0   11    0    0    0    0    0]
 [   0  800    3    8   13    8    1    7   12    7   58    0    0    0
     0    2   13    0    1   26    4    0    1    0    0    0    1    0]
 [   1  667    5   15    6    4    0    0   43    3    2  129    0    8
     0    9   14    0    0    5    0    0    0    0    3    0    0    0]
 [   3  414    4   14    4    5    0    1   56    0    1    5   18    0
     0   33   13    0    7   13    6    0    0    0    0    0    0    0]
 [   1  543    4   20    4    1    1    0   15    5    2   15    0   34
     1    4   11    0    0    6    1    0    1    0    0    0    0    0]
 [  15  190    1   17    1    3    5    2    2    4    0    1    0    3
    18    0    5    1    0    0    3    0    1    0    0    0    0    0]
 [   0  496   28   26    2   55    1    2   71    6    0    6    7    5
     0   89   18    0    0    1    1    0    0    0    0    0    0    0]
 [   1 1735   12   18   26   15    3    5  104   27    7   11    3   11
     0    6  221    0    1    8    6    0    3    0    2    0    1    0]
 [   0  252    1    2    6    2    0    1    3   12    3    2    1    1
     0    0    7    2    1    2    2    0    3    0    0    0    0    0]
 [   2  520    1    2    9    7    3    3   39    6    4    0    4    0
     0    3   11    0   46   20    9    0    1    0    0    0    1    0]
 [   0  921    2    5   11    5    0   10   13    8   17    2    0    2
     0    1   17    0    3  124    1    0    0    0    1    0    0    0]
 [   1  794    0    5   12   10    4    0    6   67    1    2    1    1
     1    2   14    0    4    5  126    0    6    0    0    0    0    0]
 [   4   44    0    2    1    0    0    0    1    0    0    0    0    0
     0    0    3    0    0    1    1    0    0    0    0    0    1    0]
 [   2  413    1    3   17    5    5    3   13   32    2    4    0    0
     0    1    9    0    1    0   22    0   51    0    0    0    1    0]
 [   0  104    0    5    4    2    2    1   24    2    0    3    0    1
     0    4    5    0    0    0    0    0    0    0    0    0    0    0]
 [   0  366    7    2    1    4    0    0   14    5    2   14    2    1
     0    0    8    0    2    1    2    0    1    0    7    0    0    0]
 [   0  113    2    8    1    1    0    2   17    1    2    0    0    2
     0    4    3    0    0    0    0    0    0    0    0    0    0    0]
 [   0  273    0    0    1    3    2    2    7    5    0    2    0    2
     0    0   14    0    0    1    0    0    0    0    0    0    5    0]
 [   2  150    0    1    3    0    2    0    3    6    1    1    0    3
     0    0    8    0    1    2    2    0    0    0    0    0    2    0]]

Base-MNB Sentiments Confusion Matrix:
 [[4175 2058 1235  306]
 [1922 5401 3054  690]
 [ 956 2206 8283  307]
 [ 588 1419  882  882]]


Random State = 1: Base-MNB with the default parameters

Base-MNB Emotions Classification Report:
                 precision    recall  f1-score   support

       sadness       0.38      0.08      0.13       777
       neutral       0.37      0.85      0.51     11075
          love       0.58      0.32      0.41       975
     gratitude       0.74      0.67      0.70      1404
   disapproval       0.26      0.08      0.12      1523
     amusement       0.52      0.29      0.37      1212
disappointment       0.28      0.04      0.07       907
   realization       0.17      0.03      0.04       938
    admiration       0.47      0.43      0.45      2126
     annoyance       0.19      0.07      0.10      1686
     confusion       0.35      0.05      0.09      1010
      optimism       0.45      0.12      0.19       931
    excitement       0.38      0.05      0.09       595
        caring       0.29      0.05      0.09       672
       remorse       0.45      0.05      0.09       298
           joy       0.35      0.12      0.18       851
      approval       0.23      0.08      0.12      2304
 embarrassment       0.57      0.01      0.03       312
      surprise       0.34      0.06      0.11       731
     curiosity       0.41      0.11      0.17      1113
         anger       0.46      0.13      0.20      1126
         grief       0.00      0.00      0.00        61
       disgust       0.42      0.08      0.14       568
         pride       0.00      0.00      0.00       135
        desire       0.33      0.05      0.09       380
        relief       0.00      0.00      0.00       160
          fear       0.43      0.03      0.05       350
   nervousness       0.00      0.00      0.00       144

      accuracy                           0.38     34364
     macro avg       0.34      0.14      0.16     34364
  weighted avg       0.37      0.38      0.31     34364


Base-MNB Sentiments Classification Report:
               precision    recall  f1-score   support

    negative       0.53      0.52      0.52      7752
     neutral       0.49      0.49      0.49     11075
    positive       0.61      0.70      0.65     11745
   ambiguous       0.42      0.23      0.30      3792

    accuracy                           0.54     34364
   macro avg       0.51      0.49      0.49     34364
weighted avg       0.53      0.54      0.53     34364


Base-MNB Emotions Confusion Matrix:
 [[  63  628    3    6    4    8   12    0    5   16    1    4    0    3
     5    1   11    0    1    3    1    0    1    0    0    0    1    0]
 [  25 9384   62   75  165  108   40   53  298  182   39   33   21   46
     3   53  260    2   26   80   69    0   27    0   18    0    6    0]
 [   0  552  310    6    2    5    1    1   75    1    0    2    0    0
     0    9   10    0    0    0    1    0    0    0    0    0    0    0]
 [   2  324    3  940    4    5    2    0   84    0    1    7    1    5
     0   15    8    0    2    1    0    0    0    0    0    0    0    0]
 [   7 1248    2    8  124   12    7    6   16   32    3    1    1    1
     1    2   36    0    2    3    7    0    4    0    0    0    0    0]
 [   4  745    8    6    3  346    0    0   40   14    0    3    1    0
     0   11   19    0    5    5    1    0    0    0    1    0    0    0]
 [   9  728    3    4   17    7   39    4   21   24    5    3    1    0
     3    2   19    0    2    3    6    0    6    0    0    0    1    0]
 [   2  795    3    3   12   10    2   24   22    9    7    2    0    1
     0    5   25    0    6    5    3    0    0    0    0    0    2    0]
 [   2  964   48   54    6   14    2    3  922    7    0    9    2    4
     0   21   45    0   14    8    1    0    0    0    0    0    0    0]
 [   4 1333    3   15   30   26    7    4   32  115    6    5    4    3
     1    4   30    0    6    7   42    0    8    0    0    1    0    0]
 [   1  860    4    3    9    2    3    5   10    8   51    6    0    1
     0    0   19    0    3   22    2    0    0    0    1    0    0    0]
 [   1  688    3   14   12    4    0    0   45    6    0  112    0    7
     0    2   23    0    0    3    1    0    1    0    8    0    1    0]
 [   1  383   12   15    3    8    0    3   54    6    2    6   29    0
     0   41   14    0    7    8    3    0    0    0    0    0    0    0]
 [   2  553    5   16    3    1    1    0   19    5    1   10    0   36
     0    3   11    0    0    4    1    0    0    0    1    0    0    0]
 [  19  223    1   20    4    1    3    3    1    4    0    0    0    1
    15    0    3    0    0    0    0    0    0    0    0    0    0    0]
 [   0  542   30   34    0   49    2    4   60    0    0    6    5    1
     0  102   15    0    0    0    1    0    0    0    0    0    0    0]
 [   4 1808   18   16   29   23    6   12  107   26    6   19    6    7
     0    6  192    0    2    8    4    0    2    0    3    0    0    0]
 [   3  255    0    2    4    3    2    5   11   12    0    0    0    0
     1    0    3    4    0    1    4    0    2    0    0    0    0    0]
 [   2  561    2    5    6    4    1    9   42    7    2    3    3    2
     0    2   12    0   46   10   11    0    0    0    1    0    0    0]
 [   0  891    3    4    9    5    0    3   16    8   14    2    1    2
     1    0   18    0    5  124    4    0    0    0    3    0    0    0]
 [   2  821    2    1   22   14    3    1   12   64    1    1    1    1
     2    1   15    0    3    3  147    0    8    0    1    0    0    0]
 [   3   47    0    2    0    0    1    0    1    2    0    1    0    0
     0    0    2    0    0    2    0    0    0    0    0    0    0    0]
 [   4  423    3    1   13    2    3    0   10   34    2    1    0    0
     1    1   11    1    0    0   10    0   46    0    1    0    1    0]
 [   0   98    0    1    0    1    1    2   22    2    0    0    0    0
     0    3    3    0    0    1    1    0    0    0    0    0    0    0]
 [   0  308    3    2    2    5    0    0    9    4    2   10    0    1
     0    4    7    0    1    1    1    0    1    0   19    0    0    0]
 [   0  124    1   11    0    1    1    0    8    0    0    1    0    0
     0    3   10    0    0    0    0    0    0    0    0    0    0    0]
 [   4  291    0    0    2    1    1    2    9    9    0    2    0    0
     0    0    7    0    2    4    2    0    3    0    1    0   10    0]
 [   1  123    0    1    1    1    1    1    1    2    1    1    1    1
     0    1    4    0    1    0    0    0    1    0    0    0    1    0]]

Base-MNB Sentiments Confusion Matrix:
 [[4034 2146 1275  297]
 [1995 5438 3021  621]
 [ 994 2198 8224  329]
 [ 598 1409  900  885]]


Random State = 0: Base-DT with the default parameters

Base-DT Emotions Classification Report:
                 precision    recall  f1-score   support

       sadness       0.24      0.38      0.29       795
       neutral       0.46      0.66      0.54     11067
          love       0.52      0.59      0.55      1004
     gratitude       0.70      0.75      0.72      1409
   disapproval       0.23      0.22      0.23      1537
     amusement       0.45      0.46      0.46      1233
disappointment       0.16      0.14      0.15       970
   realization       0.14      0.10      0.12       972
    admiration       0.47      0.45      0.46      2134
     annoyance       0.17      0.13      0.15      1688
     confusion       0.27      0.21      0.24       965
      optimism       0.37      0.28      0.32       914
    excitement       0.22      0.16      0.19       597
        caring       0.23      0.16      0.19       669
       remorse       0.33      0.28      0.30       272
           joy       0.33      0.23      0.27       814
      approval       0.27      0.15      0.19      2226
 embarrassment       0.23      0.11      0.15       303
      surprise       0.35      0.23      0.27       691
     curiosity       0.36      0.24      0.29      1143
         anger       0.35      0.20      0.26      1062
         grief       0.07      0.03      0.05        58
       disgust       0.32      0.17      0.22       585
         pride       0.16      0.03      0.05       157
        desire       0.32      0.16      0.21       439
        relief       0.23      0.10      0.14       156
          fear       0.40      0.33      0.37       317
   nervousness       0.33      0.11      0.16       187

      accuracy                           0.40     34364
     macro avg       0.31      0.25      0.27     34364
  weighted avg       0.37      0.40      0.38     34364


Base-DT Sentiments Classification Report:
               precision    recall  f1-score   support

    negative       0.50      0.64      0.56      7774
     neutral       0.51      0.53      0.52     11067
    positive       0.70      0.61      0.65     11752
   ambiguous       0.44      0.29      0.35      3771

    accuracy                           0.56     34364
   macro avg       0.54      0.52      0.52     34364
weighted avg       0.56      0.56      0.56     34364


Base-DT Emotions Confusion Matrix:
 [[ 299  197    4    6   39    8   55   22   10   21    9    4    3    9
    46    7   17    8    1    2    2    4    6    0    4    0    8    4]
 [ 286 7252  128   78  401  215  181  230  287  337  206  133   82  122
    27   91  369   23   81  219  125    4   62    6   41   13   56   12]
 [  12  192  595   10    5   20    6    5   76    5    3    7    9    6
     3   20   16    1    2    3    0    2    1    0    4    0    1    0]
 [   6  120   15 1051    8    9    5    3   79    5    2   13   12   14
    12   24   12    0    1    6    2    0    0    3    1    6    0    0]
 [  68  716    8   10  342   20   57   35   23   63   34   15    5   13
     5    6   42    6    8    9   24    3   16    0    2    1    6    0]
 [  23  356   19   13   26  572   15   10   39   30    5    5   14    4
     2   38   16    6   15    7   11    1    2    0    3    0    1    0]
 [ 115  395   11    4   70   16  139   25    8   50    4    3    2    8
     9    4   26    4   17    8   21    0   15    1    2    3    5    5]
 [  33  513   10   11   52   33   26   98   28   29   13    7    7    7
     9    9   44    2   15    4    8    0    3    0    5    1    4    1]
 [   9  526  120  116   20   47   17   27  950   31    3   34   38   17
     1   45   66    4   21    7    8    0    4    7    5    3    6    2]
 [  81  747   16   11  133   37   65   29   34  224   20   17    9   11
     6   10   44   13   18   19   89    3   36    0    7    2    5    2]
 [   9  452    9    8   31   20   15   23   13   40  204    4    3    3
     0    3   10    4   13   77    8    0    6    0    4    1    3    2]
 [  19  323   16   23   18   12   13   14   51   26   16  255    9   25
     2   15   29    2    7    6    3    0    2    2   20    4    2    0]
 [   7  233   20   13   11   28    6   11   46   12    9   12   96    2
     0   29   14    1   18   10    7    1    2    2    4    1    0    2]
 [  41  271   13   18   19    9   14   10   25   24    6   38    5  109
     5   11   23    1    3    8    8    0    0    0    4    0    4    0]
 [  53   54    0   15    2    2   20    8    2   10    6    1    0    5
    75    0    4    5    2    2    0    3    1    0    2    0    0    0]
 [  11  229   67   35    7   88    9    7   61    7    3   12   34   10
     2  184   15    0    2    7    4    1    1    3    5    6    4    0]
 [  43 1066   53   28   87   38   45   62  123   55   36   52   27   52
     4   28  324    6   14   18   14    1   10    1   22    7    7    3]
 [  16  130    3    3   18    6    7    4    3   20    8    0    0    4
    10    2   10   34    4    3    9    0    7    0    0    0    2    0]
 [   6  259    3    5   18   16   21   20   47   19   11    6   22    1
     0    7   17    8  157   24   14    0    4    0    3    0    3    0]
 [   6  480   11    7   25   17   21   11   17   44  119   10   22    7
     2    3   23    3   28  270    6    0    1    2    3    1    4    0]
 [  25  414    2    4   53   22   39   21   13  131   12    7    9    6
     3    3   14    6   15   13  217    0   25    0    2    0    6    0]
 [  16   22    0    1    0    0    2    3    2    3    1    0    0    0
     3    0    1    0    0    0    0    2    1    0    0    0    1    0]
 [  24  189    2    4   42   14   35    8    8   66    4    5    5    2
     1    3   10    8    2    4   34    0  100    0    0    1   14    0]
 [   5   73    2    5    3    4    5    2   28    0    1    9    1    2
     0    4    5    1    0    0    0    0    0    5    0    1    1    0]
 [   6  184   22    2    9    7   11   11    9   14    6   37   11    4
     1    6   13    0    3    7    3    0    0    0   69    1    2    1]
 [   4   53    2    7    2    4    3    4   14    4    1    3    1   11
     0   12   13    0    0    1    1    0    0    0    0   16    0    0]
 [  12  100    1    2   13    4   13    7    3    8    3    2    1    3
     0    0    7    1    3    3    5    2    9    0    2    1  106    6]
 [  16   66    0    1    6    2   18    1    1    8    2    3    0    9
     0    0    7    3    3    4    2    0    2    0    1    0   12   20]]

Base-DT Sentiments Confusion Matrix:
 [[5007 1677  758  332]
 [2749 5834 1789  695]
 [1476 2693 7220  363]
 [ 798 1269  611 1093]]


Random State = 1: Base-DT with the default parameters

Base-DT Emotions Classification Report:
                 precision    recall  f1-score   support

       sadness       0.21      0.33      0.26       777
       neutral       0.46      0.65      0.54     11075
          love       0.49      0.59      0.54       975
     gratitude       0.72      0.74      0.73      1404
   disapproval       0.22      0.23      0.23      1523
     amusement       0.45      0.47      0.46      1212
disappointment       0.15      0.13      0.14       907
   realization       0.15      0.11      0.12       938
    admiration       0.47      0.42      0.45      2126
     annoyance       0.19      0.15      0.17      1686
     confusion       0.29      0.21      0.25      1010
      optimism       0.34      0.26      0.29       931
    excitement       0.24      0.18      0.21       595
        caring       0.24      0.16      0.19       672
       remorse       0.36      0.30      0.33       298
           joy       0.33      0.22      0.26       851
      approval       0.25      0.13      0.18      2304
 embarrassment       0.26      0.14      0.19       312
      surprise       0.34      0.20      0.25       731
     curiosity       0.37      0.26      0.30      1113
         anger       0.39      0.21      0.28      1126
         grief       0.14      0.07      0.09        61
       disgust       0.31      0.16      0.21       568
         pride       0.17      0.05      0.08       135
        desire       0.24      0.16      0.19       380
        relief       0.11      0.04      0.06       160
          fear       0.45      0.29      0.35       350
   nervousness       0.27      0.09      0.13       144

      accuracy                           0.40     34364
     macro avg       0.31      0.25      0.27     34364
  weighted avg       0.37      0.40      0.37     34364


Base-DT Sentiments Classification Report:
               precision    recall  f1-score   support

    negative       0.22      0.33      0.26      7752
     neutral       0.32      0.36      0.34     11075
    positive       0.34      0.27      0.30     11745
   ambiguous       0.10      0.04      0.05      3792

    accuracy                           0.28     34364
   macro avg       0.25      0.25      0.24     34364
weighted avg       0.28      0.28      0.28     34364


Base-DT Emotions Confusion Matrix:
 [[ 255  231    8    1   34   11   60   13    7   28    6    4    7    6
    46    3   16    6    5    2    6    5    6    0    3    1    4    3]
 [ 296 7190  147   82  472  204  171  214  261  340  178  150   98  110
    29   85  386   30   87  199  119   10   66   10   78   14   38   11]
 [   6  214  573    6    4    7    6    3   69    4    2   12    7    8
     1   23   21    2    1    0    1    0    0    0    3    0    1    1]
 [  12  129   18 1045   10    8    6    7   74    9    3   12   11    8
     9   17   12    1    3    4    0    1    0    2    1    1    0    1]
 [  60  721    7    6  357   31   46   24   18   70   22   10    5   13
     9    5   39   11   11   10   28    1   10    0    3    0    5    1]
 [  11  350   19   10   20  574   14    9   46   28   15    5   17    6
     0   44   16    3    8    6    3    0    4    0    3    0    1    0]
 [  95  378    7    8   76   14  115   24   10   47   16    8    4    6
    13    1   13    5    4   15   20    0   14    0    2    0    7    5]
 [  28  482    7    4   56   24   30  102   26   26   18    6    8    4
     7    8   38    6   17   13   12    0    3    0    5    0    7    1]
 [  20  530  117  113   26   53   12   36  896   24   13   43   34   12
     2   49   80    2   19    9    5    0    3   13    8    3    3    1]
 [  71  716   22   15  129   54   64   35   30  250   28   14    7   22
     6    8   41   14   13   30   75    1   25    0    5    2    6    3]
 [  15  456   13    6   47   18   17   16    9   28  214   10    6    3
     3    0   28    2    5   96    4    0    5    0    2    0    6    1]
 [  16  359    9   15   24   13   15   17   44   20   13  238    7   31
     2   13   35    1    4    9    3    0    2    2   35    1    3    0]
 [   6  221   21   10   14   24    5    7   51   13    6   15  107    4
     0   29   18    0   20   12    2    0    1    0    7    0    2    0]
 [  37  288   15   14   18   13   10    9   25   20    5   31    3  107
     4   10   33    1    1    4    5    1    1    0    7    1    9    0]
 [  57   60    3   14   12    1   18   12    3   10    1    1    0    6
    89    0    2    1    1    1    2    0    1    0    0    2    1    0]
 [   9  243   77   32    7   96    7    6   59    8    3   20   39    7
     0  185   19    2    6    3    1    0    2    4    2   12    1    1]
 [  50 1155   53   26   85   45   35   68  134   61   28   49   20   46
     7   32  309   11   19   16   17    1   11    3   11    7    4    1]
 [  15  120    1    2   23    6   19    7    3   27    0    2    0    2
     8    4    5   45    4    4    7    0    3    0    1    0    2    2]
 [  14  278    3    8   23   23   22   27   42   23   16    8   20    2
     1    7   14    5  145   24   13    0    3    0    3    2    4    1]
 [  17  493   10    5   31   13   15   17   10   23  101    7   21    4
     2    1   19    2   22  284    8    0    1    0    6    0    0    1]
 [  32  426    6    4   69   23   29   15   11  150   14    5    7    7
     3    7   20    4   15    5  242    2   24    0    1    0    5    0]
 [   8   27    2    0    3    0    3    1    1    2    2    1    0    0
     1    0    1    0    1    0    1    4    1    0    0    0    1    1]
 [  32  199    4    6   38    8   29    7    7   52   10    1    2    1
     3    4   13   12    3    5   34    0   91    1    0    0    6    0]
 [   3   64    2    5    1    1    4    4   26    1    2    3    0    1
     0    4    2    1    0    0    2    0    0    7    1    0    1    0]
 [   6  165   16    4   10    8    7    7   11   12    5   30    7    4
     0    4   18    1    0    3    2    0    0    0   59    1    0    0]
 [   4   65    3   12    2    4    9    2    6    4    1    9    2    6
     0   12   12    0    1    0    0    0    0    0    0    6    0    0]
 [  20  119    1    0    7    5   12   10    8    9    5    1    1    6
     1    2    7    1    5    5    8    1   11    0    1    1  102    1]
 [  17   57    0    0    7    2    6    4    1    7    2    1    1    7
     1    0    3    1    1    1    2    1    2    0    0    0    7   13]]

Base-DT Sentiments Confusion Matrix:
 [[2539 2706 2212  295]
 [3715 3942 2978  440]
 [3945 4187 3169  444]
 [1274 1317 1067  134]]


Random State = 0: Base-MLP with the default parameters

Base-MLP Emotions Classification Report:
                 precision    recall  f1-score   support

       sadness       0.47      0.20      0.28       795
       neutral       0.41      0.87      0.55     11067
          love       0.58      0.66      0.62      1004
     gratitude       0.81      0.76      0.79      1409
   disapproval       0.24      0.04      0.06      1537
     amusement       0.53      0.58      0.55      1233
disappointment       0.30      0.02      0.04       970
   realization       0.39      0.02      0.03       972
    admiration       0.54      0.49      0.52      2134
     annoyance       0.28      0.03      0.05      1688
     confusion       0.45      0.05      0.09       965
      optimism       0.51      0.31      0.39       914
    excitement       0.63      0.05      0.10       597
        caring       0.28      0.09      0.13       669
       remorse       0.41      0.53      0.46       272
           joy       0.37      0.26      0.30       814
      approval       0.47      0.06      0.10      2226
 embarrassment       0.33      0.01      0.01       303
      surprise       0.41      0.23      0.30       691
     curiosity       0.47      0.10      0.17      1143
         anger       0.38      0.24      0.29      1062
         grief       0.00      0.00      0.00        58
       disgust       0.47      0.21      0.29       585
         pride       0.00      0.00      0.00       157
        desire       0.42      0.22      0.28       439
        relief       0.00      0.00      0.00       156
          fear       0.50      0.28      0.36       317
   nervousness       0.00      0.00      0.00       187

      accuracy                           0.44     34364
     macro avg       0.38      0.22      0.24     34364
  weighted avg       0.43      0.44      0.36     34364


Base-MLP Sentiments Classification Report:
               precision    recall  f1-score   support

    negative       0.56      0.54      0.55      7774
     neutral       0.49      0.61      0.54     11067
    positive       0.69      0.67      0.68     11752
   ambiguous       0.47      0.20      0.29      3771

    accuracy                           0.57     34364
   macro avg       0.55      0.51      0.51     34364
weighted avg       0.57      0.57      0.56     34364


Base-MLP Emotions Confusion Matrix:
 [[ 156  476    7    5    2    9    4    1   11    3    0    6    0    1
    76    3    3    0    2    0    9    0    7    0    7    0    7    0]
 [  42 9612  123   59   82  215   17    5  227   37   24   69    6   55
    32   73   49    2   52   57  121    0   41    0   40    0   27    0]
 [   1  241  659    8    2   14    0    0   50    0    0    5    0    1
     2   14    1    0    1    0    3    0    0    0    2    0    0    0]
 [   2  134   11 1072    0    8    1    0   89    1    0   16    0   12
    20   38    1    0    0    1    0    0    0    0    3    0    0    0]
 [  11 1290   10   10   56   26    2    2   13    8    9    9    1    8
    17    6   14    0    5    1   21    0    9    0    2    0    7    0]
 [   0  413   12    6    2  711    0    0   29    6    0    3    1    0
     2   20    3    0   10    2    8    0    1    0    3    0    1    0]
 [  40  773    7    7   14   17   21    1   11    4    4    5    0    3
    11    4    6    0    4    2   16    0   12    0    6    0    2    0]
 [   4  826   10    5    2   19    1   15   19    5    1    4    0    3
     6    5    7    0   25    2    4    0    3    0    2    0    4    0]
 [   1  788   81   32    5   25    1    2 1054    2    0   18    1    7
     0   39   15    1   37    3    7    0    5    0    7    0    3    0]
 [   7 1330   15    9   14   42    5    0   20   50    3   13    1    4
     6    6    8    0   19    7  100    0   19    0    7    0    3    0]
 [   4  790   10    7    6   22    0    4   12    1   48    1    1    1
     2    7    4    0    9   21    9    0    1    0    2    0    3    0]
 [   3  472   15   13    7   12    1    2   44    3    0  282    0    9
     0   15    7    0    5    1    2    0    1    0   20    0    0    0]
 [   3  385   16    5    0   12    0    1   50    0    1    9   32    0
     0   43    3    0   21    9    7    0    0    0    0    0    0    0]
 [   6  469   12    7    3    6    1    0   24    2    1   31    0   59
    14   11    3    0    1    2    6    0    3    0    6    0    2    0]
 [  12   95    0    2    0    4    1    0    3    1    0    1    0    1
   145    0    0    0    0    0    4    0    0    0    3    0    0    0]
 [   3  334   57   19    0  101    2    0   60    0    0    5    3    4
     0  209    3    0    3    1    6    0    0    0    2    0    2    0]
 [   8 1751   37   17   14   29    6    4  103    8    5   21    1   21
     4   24  125    0    7    6   12    0    5    0   13    0    5    0]
 [   3  235    5    2    1    6    0    0    5    9    3    4    0    3
     6    0    2    2    1    1    7    0    7    0    0    0    1    0]
 [   2  436    3    3    0    8    0    0   32    3    0    3    2    0
     2    5    3    0  162   11   11    0    2    0    3    0    0    0]
 [   3  915   12    6    1   15    0    0   14    1    6    3    1    0
     3    6    1    0   17  119   12    0    3    0    2    0    3    0]
 [   2  707    3    4   11   12    1    0    8   21    0    3    0    2
     4    5    1    0    5    4  253    0   13    0    1    0    2    0]
 [   4   43    0    1    1    0    0    0    1    0    0    0    0    1
     3    0    0    0    1    0    1    0    0    0    0    0    2    0]
 [   5  352    1    1    6    9    2    0    7    9    0    3    0    0
     3    1    0    0    6    1   48    0  123    0    1    0    7    0]
 [   3  112    0    3    0    2    2    0   23    0    0    2    0    0
     0    7    2    0    1    0    0    0    0    0    0    0    0    0]
 [   0  257   23    1    1    8    0    1    8    0    1   26    1    6
     0    5    2    0    0    1    0    0    2    0   95    0    1    0]
 [   4   94    2   11    1    2    0    0   16    0    1    2    0    5
     0   15    2    0    0    0    0    0    0    0    0    0    1    0]
 [   1  199    2    0    2    6    0    0    2    3    0    3    0    1
     0    0    0    0    1    1    2    0    5    0    0    0   89    0]
 [   3  153    0    1    0    1    2    0    2    3    0    3    0    4
     0    1    1    1    1    1    4    0    0    0    1    0    5    0]]

Base-MLP Sentiments Confusion Matrix:
 [[4210 2530  830  204]
 [1810 6728 2086  443]
 [ 913 2754 7878  207]
 [ 580 1817  604  770]]


Random State = 1: Base-MLP with the default parameters

Base-MLP Emotions Classification Report:
                 precision    recall  f1-score   support

       sadness       0.42      0.18      0.25       777
       neutral       0.41      0.83      0.55     11075
          love       0.57      0.62      0.59       975
     gratitude       0.79      0.78      0.79      1404
   disapproval       0.26      0.05      0.08      1523
     amusement       0.52      0.63      0.57      1212
disappointment       0.34      0.03      0.06       907
   realization       0.55      0.02      0.05       938
    admiration       0.48      0.53      0.51      2126
     annoyance       0.23      0.06      0.09      1686
     confusion       0.44      0.06      0.11      1010
      optimism       0.49      0.26      0.34       931
    excitement       0.52      0.06      0.11       595
        caring       0.27      0.08      0.12       672
       remorse       0.38      0.49      0.43       298
           joy       0.41      0.31      0.35       851
      approval       0.31      0.06      0.11      2304
 embarrassment       0.39      0.04      0.06       312
      surprise       0.36      0.22      0.27       731
     curiosity       0.40      0.16      0.23      1113
         anger       0.39      0.20      0.27      1126
         grief       0.00      0.00      0.00        61
       disgust       0.42      0.16      0.23       568
         pride       0.00      0.00      0.00       135
        desire       0.34      0.18      0.24       380
        relief       0.00      0.00      0.00       160
          fear       0.54      0.19      0.28       350
   nervousness       0.00      0.00      0.00       144

      accuracy                           0.44     34364
     macro avg       0.37      0.22      0.24     34364
  weighted avg       0.41      0.44      0.36     34364


Base-MLP Sentiments Classification Report:
               precision    recall  f1-score   support

    negative       0.56      0.51      0.53      7752
     neutral       0.48      0.62      0.54     11075
    positive       0.67      0.68      0.67     11745
   ambiguous       0.49      0.19      0.27      3792

    accuracy                           0.56     34364
   macro avg       0.55      0.50      0.50     34364
weighted avg       0.57      0.56      0.55     34364


Base-MLP Emotions Confusion Matrix:
 [[ 142  460    5    0    5   14    6    0   13    8    0    8    1    7
    81    2    5    1    3    1    2    0    4    0    5    0    4    0]
 [  52 9238  127   68   92  248   18    7  342   93   24   66   15   43
    35   94  120    3   74  119  101    0   31    0   49    0   16    0]
 [   3  252  604    4    0   12    1    0   67    3    0    7    0    0
     1   16    3    0    0    2    0    0    0    0    0    0    0    0]
 [   3  115   11 1097    2   10    0    0   88    0    1   12    0    6
    25   29    1    0    1    1    0    0    0    0    2    0    0    0]
 [  10 1184    9    9   76   34    8    1   26   30    7   10    0    7
    11    6   33    1   13    4   24    0   12    0    4    0    4    0]
 [   2  301    9    6    1  769    2    1   43    9    1    6    1    2
     0   26    5    0   12    5    8    0    1    0    2    0    0    0]
 [  35  668    7    8    8   18   31    0   21   14    7    8    0    4
    13    3    9    2   10    9   17    0    7    0    2    0    6    0]
 [   4  755    6    2    9   18    3   23   24    9    3    3    1    2
     7   10   20    1   20    6    7    0    2    0    2    0    1    0]
 [   6  674   77   37    1   23    1    0 1133    9    4   19    3    9
     1   46   21    1   32   14    6    0    1    0    6    0    2    0]
 [  13 1212   16   16   18   61    3    2   43   95    4   12    1    5
    10    7   17    2   20   14   82    0   27    0    3    0    3    0]
 [   4  802    9    7    6   15    0    2   13    6   64    3    2    2
     3    5   10    0    8   34    7    0    5    0    0    0    3    0]
 [   2  476   13   16    9    7    0    0   64    3    2  244    1    9
     3   13   17    0    6    4    4    0    1    0   37    0    0    0]
 [   1  326   23   15    1   10    0    0   73    2    0    7   37    1
     0   48    4    0   27   11    2    0    0    0    6    0    1    0]
 [   9  468   13   15    5   10    0    0   23    4    1   21    0   51
    14   12   11    1    1    6    1    0    0    0    5    0    1    0]
 [  13  107    3    2    3    2    4    1    3    2    1    2    0    2
   147    0    3    0    1    0    2    0    0    0    0    0    0    0]
 [   2  312   52   19    0  107    0    0   69    0    1    3    1    4
     0  261    3    1    5    3    4    0    1    0    3    0    0    0]
 [   8 1724   32   16   20   42    1    2  160   11    9   25    3   12
    15   29  148    0    5   15   12    0    5    0    6    0    4    0]
 [   4  216    2    3    5    8    1    0    9   15    0    5    0    3
     9    1    4   11    5    0    5    0    6    0    0    0    0    0]
 [   1  438    5    6    5   14    1    2   48    3    1    4    3    1
     0    4    4    0  159    9   19    0    2    0    1    0    1    0]
 [   1  795    5    5    4   17    1    0   21    4   12    1    2    2
     4    2   10    3   26  179   14    0    3    0    2    0    0    0]
 [   3  717   10    4   12   22    2    0   12   65    1    3    0    3
     4    3    4    0    8    5  229    0   15    0    2    0    2    0]
 [   1   44    1    0    1    0    2    0    2    2    0    1    0    2
     4    0    0    0    0    0    1    0    0    0    0    0    0    0]
 [   4  368    5    2    5    9    3    0    9   26    0    3    0    1
     1    2    9    0    1    0   26    0   92    0    0    0    2    0]
 [   2   92    2    5    0    1    2    0   20    0    0    0    0    0
     0    6    2    0    0    0    2    0    0    0    1    0    0    0]
 [   0  228   12    5    1    7    0    0   15    2    1   23    0    2
     1    7    3    0    0    2    0    0    0    0   70    0    1    0]
 [   0  121    1   12    0    1    0    0    8    2    0    0    0    2
     0   11    2    0    0    0    0    0    0    0    0    0    0    0]
 [   6  236    0    0    3    4    1    0    5    2    0    5    0    2
     0    1    3    0    3    1    6    0    6    0    0    0   66    0]
 [   6  112    1    1    0    1    0    1    0    1    2    1    0    3
     0    0    4    1    0    0    5    0    0    0    0    0    5    0]]

Base-MLP Sentiments Confusion Matrix:
 [[3928 2667  978  179]
 [1685 6813 2216  361]
 [ 868 2752 7932  193]
 [ 485 1962  641  704]]


Random State = 0: Top-MNB with the default parameters
best params for emotions MNB:  {'alpha': 0.5}
best params for sentiments MNB:  {'alpha': 1.5}

Random State = 1: Top-MNB with the default parameters
best params for emotions MNB:  {'alpha': 0.5}
best params for sentiments MNB:  {'alpha': 1.5}

