Base MNB Performance for emotions
---------------------------------
Hyper-parameters: {'alpha': 1.0, 'class_prior': None, 'fit_prior': True}

Confusion matrix:
[[  61  598    1    6   11    6    7    1    6    9    2    2    1    3
     7    3    9    0    2    2    4    0    1    0    1    0    0    0]
 [  21 9181   57   71  150  128   32   32  303  156   50   45   15   41
     4   55  254    4   26   99   80    0   19    1    5    0    5    0]
 [   0  538  364    6    3   10    1    0   85    3    0    1    2    1
     0   15    7    0    1    1    1    0    0    0    0    0    0    0]
 [   1  352    3  943    4    4    0    2   66    6    0    9    0   10
     3    9    8    0    0    2    0    0    0    0    0    0    0    0]
 [   4 1314    3    4  120   14    4    4   27   36   10    2    1    1
     1    3   43    0    3    3   12    0    3    0    0    0    0    0]
 [   0  739    1    5    7  359    0    1   40   15    1    3    3    0
     0    7   12    0    7    3    4    0    1    0    1    0    0    0]
 [  15  823    4    4   14    4   34    4    9   20    3    2    0    4
     4    1   12    0    1    2    7    0    3    0    2    0    0    0]
 [   2  831    5    2   14    7    0   34   22   15    6    1    1    1
     0    3   20    0    5    4    3    0    1    0    0    0    1    0]
 [   1  970   39   40    4   13    1    2  909    7    1   10    3    2
     0   14   39    0    7    9    1    0    1    0    0    0    0    0]
 [   5 1347    5   19   26   13    6    9   25  120    9    1    1    2
     0    1   34    1    7    7   50    0   12    0    0    0    0    0]
 [   0  804    0    5   18   10    0    5    8    9   52    3    0    1
     0    0   12    0    4   25    0    0    1    0    0    0    0    0]
 [   1  655    0   15    8    2    1    0   44    6    2  117    1    5
     0    4   26    0    0    0    1    0    1    0    3    0    0    0]
 [   1  402    4   14    2   11    0    2   76    6    2    3   26    1
     0   33   13    0    8    3    4    0    1    0    2    0    0    0]
 [   2  592    4   16    4    2    2    1   12    6    3   19    0   41
     0    4   18    0    0    2    1    0    1    0    1    0    0    0]
 [  12  233    1   17    4    2    0    4    3    5    0    2    0    2
    22    0    4    1    0    1    0    0    0    0    1    0    0    0]
 [   0  536   27   26    2   64    0    3   59    2    1    6    3    1
     0  114   19    0    0    2    3    0    0    0    1    0    0    0]
 [   4 1801   15   11   26   21    2    5  113   29    1   12    2    9
     0    7  210    0    3   13    5    0    3    0    1    0    1    0]
 [   2  226    1    2    3    2    1    3   10   13    1    0    0    0
     0    0    7    4    2    1    5    0    2    0    0    0    0    0]
 [   1  527    3    3    7    7    1    2   45   12    7    1    4    1
     0    2   11    0   55   17    7    0    0    0    0    0    0    0]
 [   0  935    2    3    8    4    2    2   17   12   17    1    2    3
     0    1    5    0    2  116    3    0    0    0    1    0    0    0]
 [   1  759    0    6   13   10    1    2    8   65    2    2    1    3
     1    0    6    0    2    6  144    0    4    0    1    0    1    0]
 [   4   62    0    1    1    0    1    1    1    1    0    0    0    0
     0    0    2    0    0    0    1    0    0    0    0    0    0    0]
 [   0  407    1    2   12    2    6    1    8   27    1    2    0    0
     0    0    6    1    2    3   25    0   48    0    0    0    0    0]
 [   0  110    0    2    2    0    1    1   28    1    0    2    1    0
     0    1    4    0    0    1    2    0    0    0    0    0    0    0]
 [   1  381    9    3    3    4    1    0    6    4    0   16    1    1
     0    6   10    0    1    0    1    0    0    0   14    0    0    0]
 [   0  117    0    6    4    0    0    0    9    0    1    1    0    2
     0    5    5    0    1    0    1    0    0    0    0    0    0    0]
 [   2  302    0    1    8    4    0    1    3    5    1    4    0    3
     0    0    7    0    2    3    4    0    1    0    0    0   14    0]
 [   2  154    0    0    1    1    1    1    2    2    0    0    0    1
     0    0    4    0    0    3    1    0    0    0    0    0    1    1]]

Classification report:
                precision    recall  f1-score   support

       sadness       0.43      0.08      0.14       743
       neutral       0.36      0.85      0.50     10834
          love       0.66      0.35      0.46      1039
     gratitude       0.76      0.66      0.71      1422
   disapproval       0.25      0.07      0.11      1612
     amusement       0.51      0.30      0.38      1209
disappointment       0.32      0.03      0.06       972
   realization       0.28      0.03      0.06       978
    admiration       0.47      0.44      0.45      2073
     annoyance       0.20      0.07      0.10      1700
     confusion       0.30      0.05      0.09       957
      optimism       0.44      0.13      0.20       892
    excitement       0.38      0.04      0.08       614
        caring       0.29      0.06      0.09       731
       remorse       0.52      0.07      0.12       314
           joy       0.40      0.13      0.20       869
      approval       0.26      0.09      0.14      2294
 embarrassment       0.36      0.01      0.03       285
      surprise       0.39      0.08      0.13       713
     curiosity       0.35      0.10      0.16      1136
         anger       0.39      0.14      0.20      1038
         grief       0.00      0.00      0.00        75
       disgust       0.47      0.09      0.15       554
         pride       0.00      0.00      0.00       156
        desire       0.41      0.03      0.06       462
        relief       0.00      0.00      0.00       152
          fear       0.61      0.04      0.07       365
   nervousness       1.00      0.01      0.01       175

      accuracy                           0.38     34364
     macro avg       0.39      0.14      0.17     34364
  weighted avg       0.38      0.38      0.30     34364
