Base MLP Performance for emotions
---------------------------------
Hyper-parameters: {'activation': 'relu', 'alpha': 0.0001, 'batch_size': 'auto', 'beta_1': 0.9, 'beta_2': 0.999, 'early_stopping': False, 'epsilon': 1e-08, 'hidden_layer_sizes': (100,), 'learning_rate': 'constant', 'learning_rate_init': 0.001, 'max_fun': 15000, 'max_iter': 2000, 'momentum': 0.9, 'n_iter_no_change': 10, 'nesterovs_momentum': True, 'power_t': 0.5, 'random_state': None, 'shuffle': True, 'solver': 'adam', 'tol': 0.0001, 'validation_fraction': 0.1, 'verbose': False, 'warm_start': False}

Confusion matrix:
[[ 208  190    6    5   29    5   73   12    9   39   13    9    5   15
    43    2   42    2    4    8   12   11    9    0    2    8    8    9]
 [ 146 5469  152   87  445  238  181  344  407  503  283  226  137  190
    64  153  942   64  104  391  197   15   93   47   87   36   46   48]
 [   6   88  566   14   10   18    5    9  100   10    2   11   16    7
     3   20   54    1    3   11    7    0    1    3   10    1    1    1]
 [   7   60   16 1043    6   14    4    4   95   16    5   21    7   17
    22   25   22    2    0    8    2    3    0    6    2   10    1    0]
 [  24  474    9    4  334   20   52   55   22  133   40   21    4   17
    17    8  121   12   11   21   54    9   24    2    9    6   16    6]
 [  12  182   16    9   25  658   10   14   47   38   14    8   23   10
     1   69   36    4   13   13    8    0    4    3    6    1    3    3]
 [  66  280   11    7   58   14  113   30   12   84   23   10    5    9
    12    7   65   11   10   17   24    6   21    6    8    4    8    9]
 [  21  341    7    7   46   10   26  122   28   45   30   20    9   14
    13    9  103    6   13   13   15    2    6    4    9    8    3    3]
 [   5  279  103   80   14   37    9   22 1093   26    9   34   40   15
     3   49  139    4   19   21    9    1    8   21    9    6    6    2]
 [  27  489   23   18  113   46   52   43   31  351   32   23   15   24
    14    8  106   25    8   44  116    4   47    9    6    5   16   11]
 [   8  319    8    3   33   22    9   27   23   40  230    7    4    7
     3    2   41    8    7  138    7    1    3    4    5    0    4    3]
 [   5  241   13   16   19    8   11   23   55   29   10  261   12   23
     5    8   76    1    4   10    4    2    6    5   45    8    1    3]
 [   5  159   23   23    7   28    7    8   85    7    5   17  119    5
     1   31   32    2   26   26    6    0    1    3    7    2    0    0]
 [  15  172   18   21   19    8   14   11   20   35    5   39    4  174
    12   14   84    3    1    6   11    1    2    6    6    6    6    2]
 [  39   37    4   10   16    3   12   17    3   13    6    6    1    9
   125    1   10    5    2    5    6    4    3    1    1    2    1    4]
 [   8  151   74   33   11  103    6   12   76   18    3   17   43   13
     0  180   60    1   10    5    6    0    5   12    7   14    2    1]
 [  20  749   33   30   75   44   22   84  151   78   40   59   28   55
    10   29  539    5   12   42   19    3   19   10   22   20    4   11]
 [   4   58    1    1    9    8    6   10    7   22    9    5    4    5
     6    2   21   51    3    2    7    4    6    1    0    0    5    2]
 [   3  174    5    7   25   19   16   22   47   28   23    5   30    4
     1   13   35    8  155   48   14    3    5    1    2    2    1    1]
 [   6  340   13    3   26   11   11   17   29   49  131   14   15   10
     5    1   52    5   22  380   10    0    8    5    6    1    4    2]
 [  13  271    2    5   60   23   31   20   16  163   19    6   15    9
     3    3   34    7    6   17  262    2   38    1    1    1    8    0]
 [   6   22    2    2    2    2    4    4    1    4    3    3    0    1
     5    0    1    1    0    1    2   16    0    2    0    0    3    2]
 [  16  142    4    2   40    7   15   12    6   64   11    4    2    5
     3    0   26   10    3    8   36    5  105    2    0    2   12    4]
 [   1   38    1    3    1    1    1    5   36    3    2    9    3    2
     1    6    8    2    0    1    1    0    0   15    1    0    1    0]
 [   2  123   10    5   11    2   12    6   19   15    3   39    9   14
     3    8   36    2    1   15    5    0    5    0   94    1    2    0]
 [   3   43    1    9    4    2    3    7   12    4    1    5    2    1
     0   12   25    2    1    2    1    0    0    3    1   26    0    1]
 [  11   73    0    3   10    7   19   11    1   17    3    1    2    6
     2    0   16    6    4    9    6    2   16    0    0    0  113    7]
 [   6   42    1    0    4    1    9    2    5    8    4    3    1    9
     0    0   10    3    2    4    3    0    1    0    4    0   10   23]]

Classification report:
                precision    recall  f1-score   support

       sadness       0.30      0.27      0.28       778
       neutral       0.50      0.49      0.49     11095
          love       0.50      0.58      0.54       978
     gratitude       0.72      0.74      0.73      1418
   disapproval       0.23      0.22      0.22      1525
     amusement       0.48      0.53      0.51      1230
disappointment       0.15      0.12      0.14       930
   realization       0.13      0.13      0.13       933
    admiration       0.45      0.53      0.49      2063
     annoyance       0.19      0.21      0.20      1706
     confusion       0.24      0.24      0.24       966
      optimism       0.30      0.29      0.29       904
    excitement       0.21      0.19      0.20       635
        caring       0.26      0.24      0.25       715
       remorse       0.33      0.36      0.35       346
           joy       0.27      0.21      0.24       871
      approval       0.20      0.24      0.22      2213
 embarrassment       0.20      0.20      0.20       259
      surprise       0.35      0.22      0.27       697
     curiosity       0.30      0.32      0.31      1176
         anger       0.31      0.25      0.28      1036
         grief       0.17      0.18      0.17        89
       disgust       0.24      0.19      0.21       546
         pride       0.09      0.11      0.10       142
        desire       0.27      0.21      0.24       442
        relief       0.15      0.15      0.15       171
          fear       0.40      0.33      0.36       345
   nervousness       0.15      0.15      0.15       155

      accuracy                           0.37     34364
     macro avg       0.29      0.28      0.28     34364
  weighted avg       0.37      0.37      0.37     34364
