Base DT Performance for emotions
---------------------------------
Hyper-parameters: {'ccp_alpha': 0.0, 'class_weight': None, 'criterion': 'gini', 'max_depth': None, 'max_features': None, 'max_leaf_nodes': None, 'min_impurity_decrease': 0.0, 'min_samples_leaf': 1, 'min_samples_split': 2, 'min_weight_fraction_leaf': 0.0, 'random_state': None, 'splitter': 'best'}

Confusion matrix:
[[8 1 0 1 0 1 1 0 0 1 0 0 0 0 0 1 0]
 [0 0 0 0 0 0 0 0 0 0 0 0 0 0 0 0 0]
 [0 0 1 0 1 0 0 0 0 0 0 0 0 0 0 0 0]
 [1 0 0 0 0 0 0 0 0 0 0 0 0 0 0 0 0]
 [0 0 0 0 0 0 0 0 0 0 0 0 0 0 0 0 0]
 [0 0 0 0 1 0 0 0 0 0 0 0 0 0 0 0 0]
 [0 0 0 0 0 0 0 0 0 0 0 0 0 0 0 0 0]
 [4 0 0 0 0 0 0 0 0 0 0 0 0 0 0 0 0]
 [1 0 0 0 0 0 0 0 0 0 0 0 0 0 0 0 0]
 [0 0 0 0 0 0 0 0 0 0 0 0 0 0 0 0 0]
 [0 0 0 0 0 0 0 0 0 0 0 0 0 0 0 0 0]
 [1 0 0 0 0 0 0 0 0 0 0 0 0 0 0 0 0]
 [1 0 0 0 0 0 0 0 0 0 0 0 0 0 0 0 0]
 [0 0 0 0 0 0 0 0 0 0 1 0 0 0 0 0 0]
 [0 0 0 1 0 0 0 0 0 0 0 0 0 0 0 0 0]
 [0 0 0 0 0 0 0 0 0 0 0 0 0 0 0 0 0]
 [0 0 1 0 0 0 0 0 0 0 0 0 0 0 0 0 0]]

Classification report:
              precision    recall  f1-score   support

           2       0.50      0.57      0.53        14
           3       0.00      0.00      0.00         0
           4       0.50      0.50      0.50         2
           6       0.00      0.00      0.00         1
           7       0.00      0.00      0.00         0
           8       0.00      0.00      0.00         1
           9       0.00      0.00      0.00         0
          10       0.00      0.00      0.00         4
          13       0.00      0.00      0.00         1
          14       0.00      0.00      0.00         0
          15       0.00      0.00      0.00         0
          16       0.00      0.00      0.00         1
          17       0.00      0.00      0.00         1
          18       0.00      0.00      0.00         1
          21       0.00      0.00      0.00         1
          22       0.00      0.00      0.00         0
          24       0.00      0.00      0.00         1

    accuracy                           0.32        28
   macro avg       0.06      0.06      0.06        28
weighted avg       0.29      0.32      0.30        28
