Base MLP Performance for emotions
---------------------------------
Hyper-parameters: {'cv': None, 'error_score': nan, 'estimator__alpha': 1.0, 'estimator__class_prior': [0.022, 0.322, 0.029, 0.041, 0.045, 0.036, 0.027, 0.027, 0.061, 0.049, 0.029, 0.026, 0.018, 0.021, 0.009, 0.025, 0.066, 0.008, 0.02, 0.034, 0.03, 0.002, 0.017, 0.004, 0.012, 0.005, 0.01, 0.005], 'estimator__fit_prior': True, 'estimator': MultinomialNB(class_prior=[0.022, 0.322, 0.029, 0.041, 0.045, 0.036, 0.027,
                           0.027, 0.061, 0.049, 0.029, 0.026, 0.018, 0.021,
                           0.009, 0.025, 0.066, 0.008, 0.02, 0.034, 0.03, 0.002,
                           0.017, 0.004, 0.012, 0.005, 0.01, 0.005]), 'n_jobs': None, 'param_grid': {'alpha': [1e-10, 0.5, 1.5, 3.0]}, 'pre_dispatch': '2*n_jobs', 'refit': True, 'return_train_score': False, 'scoring': None, 'verbose': 0}

Best parameters: {'alpha': 0.5}

Confusion matrix:
[[ 123  428    3   14   17   12   29    3   12   20    3    4    1    6
    20    6   17    0    6    4    6    0    4    0    1    0    4    0]
 [  75 7812  100   96  284  183   85  106  406  249  138  114   45  115
    10   89  391   11   74  189  138    0   58    7   22    5   26    6]
 [   0  336  498   10    3   14    2    3  107    8    2    5    3    3
     0   23   14    0    2    3    2    0    0    0    1    0    0    0]
 [   3  177    8 1051    6    7    3    2   83    7    1   16    1   15
     7   16   11    0    3    3    1    0    1    0    0    0    0    0]
 [  12 1058    6    7  197   28   24   14   41   60   28    5    2    8
     1    7   61    0    7    4   23    0   10    0    5    0    3    1]
 [   1  440    8    7    7  563    3    5   47   31    4    7    6    2
     0   33   18    0    8    7    8    0    1    0    2    0    0    1]
 [  49  636    7    7   34    6   65    8   17   40    9    8    0   11
     8    2   26    0    4    6   14    0   10    1    3    0    1    0]
 [  10  664    8    8   29   15   13   67   27   28   16    8    3    6
     3    5   33    1   16    5    8    0    2    0    1    0    2    0]
 [   2  667   70   61   10   23    7    5 1044   14    7   19    5    9
     0   30   60    0   20   11    3    0    2    0    3    0    1    0]
 [  18 1031    5   28   62   35   18   16   31  198   17    6    3   17
     0    5   55    1   17   23   88    0   18    0    4    0    4    0]
 [   4  609    6    8   34   17    3   14   12   19  125    4    2    1
     0    0   24    0   14   53    5    0    2    0    0    0    1    0]
 [   1  492    3   16   17    7    6    1   56    7    5  195    6   21
     1   11   32    0    0    2    2    0    1    0   10    0    0    0]
 [   2  296    7   16    3   17    1    5   91    6    3    9   50    5
     0   43   15    0   26    7    7    0    1    0    3    0    1    0]
 [   6  442    8   18   11    4    5    2   13   15    4   36    1  110
     3    9   24    0    0   10    4    0    2    0    3    0    1    0]
 [  22  161    2   22   10    4    4    7    5    5    3    3    0    6
    48    0    7    0    0    0    0    0    2    1    2    0    0    0]
 [   0  365   40   32    2   85    0    4   74    6    1   12   11    7
     0  189   25    0    5    6    3    0    0    0    1    1    0    0]
 [  12 1451   27   22   55   29   16   26  135   52   12   29   10   27
     3   19  301    0    9   26   13    0    5    1    8    2    4    0]
 [   3  177    2    2    8    4    7    7    9   23    2    1    0    0
     2    0    9   11    4    4    6    0    3    0    0    0    1    0]
 [   1  399    4    3   11   11    7    9   51   14   12    2   12    1
     0    2   13    0  115   29   14    0    3    0    0    0    0    0]
 [   0  744    7    7   16   12    3    4   23   18   44    4    7    6
     0    4   13    0    9  203    9    0    0    0    3    0    0    0]
 [   6  574    1    8   23   14    7    4   10  102    5    3    3    6
     1    0   14    1    7   13  220    0   12    0    2    0    2    0]
 [   7   48    3    1    1    0    2    2    1    1    0    1    0    0
     1    0    2    0    0    0    2    0    1    0    0    0    1    1]
 [   5  290    2    2   22    4    7    2   12   48    7    3    1    2
     0    1    8    3    3    4   34    0   88    0    0    0    6    0]
 [   0   96    1    4    2    1    2    1   28    3    0    1    2    1
     0    4    4    0    1    1    2    0    0    1    0    0    1    0]
 [   3  303   13    3    5    8    1    3    8    6    2   27    1    7
     0    8   14    0    1    1    2    0    1    0   45    0    0    0]
 [   0   92    0   10    3    1    1    0   14    1    1    1    0    4
     0   10    9    0    2    0    2    0    0    0    0    1    0    0]
 [   4  239    0    1   11    7    1    5    8   12    0    5    0    5
     0    1   10    0    2    2    6    0    2    0    0    0   42    2]
 [   6  127    0    1    4    1    3    1    2    5    1    1    2    4
     2    0    5    1    0    3    2    0    0    0    0    0    2    2]]

Classification report:
                precision    recall  f1-score   support

       sadness       0.33      0.17      0.22       743
       neutral       0.39      0.72      0.50     10834
          love       0.59      0.48      0.53      1039
     gratitude       0.72      0.74      0.73      1422
   disapproval       0.22      0.12      0.16      1612
     amusement       0.51      0.47      0.49      1209
disappointment       0.20      0.07      0.10       972
   realization       0.21      0.07      0.10       978
    admiration       0.44      0.50      0.47      2073
     annoyance       0.20      0.12      0.15      1700
     confusion       0.28      0.13      0.18       957
      optimism       0.37      0.22      0.27       892
    excitement       0.28      0.08      0.13       614
        caring       0.27      0.15      0.19       731
       remorse       0.44      0.15      0.23       314
           joy       0.37      0.22      0.27       869
      approval       0.25      0.13      0.17      2294
 embarrassment       0.38      0.04      0.07       285
      surprise       0.32      0.16      0.22       713
     curiosity       0.33      0.18      0.23      1136
         anger       0.35      0.21      0.26      1038
         grief       0.00      0.00      0.00        75
       disgust       0.38      0.16      0.22       554
         pride       0.09      0.01      0.01       156
        desire       0.38      0.10      0.15       462
        relief       0.11      0.01      0.01       152
          fear       0.41      0.12      0.18       365
   nervousness       0.15      0.01      0.02       175

      accuracy                           0.39     34364
     macro avg       0.32      0.20      0.22     34364
  weighted avg       0.36      0.39      0.34     34364
